(kicad_pcb (version 20171130) (host pcbnew "(5.1.10)-1")

  (general
    (thickness 1.6)
    (drawings 15)
    (tracks 1800)
    (zones 0)
    (modules 192)
    (nets 187)
  )

  (page A4)
  (layers
    (0 F.Cu signal)
    (31 B.Cu signal hide)
    (32 B.Adhes user)
    (33 F.Adhes user)
    (34 B.Paste user)
    (35 F.Paste user)
    (36 B.SilkS user)
    (37 F.SilkS user)
    (38 B.Mask user)
    (39 F.Mask user)
    (40 Dwgs.User user)
    (41 Cmts.User user)
    (42 Eco1.User user)
    (43 Eco2.User user)
    (44 Edge.Cuts user)
    (45 Margin user)
    (46 B.CrtYd user)
    (47 F.CrtYd user)
    (48 B.Fab user hide)
    (49 F.Fab user hide)
  )

  (setup
    (last_trace_width 0.381)
    (user_trace_width 0.381)
    (trace_clearance 0.2)
    (zone_clearance 0.508)
    (zone_45_only no)
    (trace_min 0.2)
    (via_size 0.8)
    (via_drill 0.4)
    (via_min_size 0.4)
    (via_min_drill 0.3)
    (uvia_size 0.3)
    (uvia_drill 0.1)
    (uvias_allowed no)
    (uvia_min_size 0.2)
    (uvia_min_drill 0.1)
    (edge_width 0.05)
    (segment_width 0.2)
    (pcb_text_width 0.3)
    (pcb_text_size 1.5 1.5)
    (mod_edge_width 0.12)
    (mod_text_size 1 1)
    (mod_text_width 0.15)
    (pad_size 1.524 1.524)
    (pad_drill 0.762)
    (pad_to_mask_clearance 0)
    (aux_axis_origin 0 0)
    (visible_elements 7FFFF7FF)
    (pcbplotparams
      (layerselection 0x010fc_ffffffff)
      (usegerberextensions false)
      (usegerberattributes true)
      (usegerberadvancedattributes true)
      (creategerberjobfile true)
      (excludeedgelayer true)
      (linewidth 0.100000)
      (plotframeref false)
      (viasonmask false)
      (mode 1)
      (useauxorigin false)
      (hpglpennumber 1)
      (hpglpenspeed 20)
      (hpglpendiameter 15.000000)
      (psnegative false)
      (psa4output false)
      (plotreference true)
      (plotvalue true)
      (plotinvisibletext false)
      (padsonsilk false)
      (subtractmaskfromsilk false)
      (outputformat 1)
      (mirror false)
      (drillshape 1)
      (scaleselection 1)
      (outputdirectory ""))
  )

  (net 0 "")
  (net 1 GND)
  (net 2 +5V)
  (net 3 "Net-(C9-Pad1)")
  (net 4 "Net-(C11-Pad1)")
  (net 5 /ATmega32u4/XTAL1)
  (net 6 /ATmega32u4/XTAL2)
  (net 7 /ButtonMatrix/COL0)
  (net 8 "Net-(D1-Pad2)")
  (net 9 "Net-(D2-Pad2)")
  (net 10 "Net-(D3-Pad2)")
  (net 11 "Net-(D4-Pad2)")
  (net 12 "Net-(D5-Pad2)")
  (net 13 "Net-(D6-Pad2)")
  (net 14 "Net-(D7-Pad2)")
  (net 15 "Net-(D8-Pad2)")
  (net 16 "Net-(D9-Pad2)")
  (net 17 "Net-(D10-Pad2)")
  (net 18 "Net-(D11-Pad2)")
  (net 19 /ButtonMatrix/COL1)
  (net 20 "Net-(D12-Pad2)")
  (net 21 "Net-(D13-Pad2)")
  (net 22 "Net-(D14-Pad2)")
  (net 23 "Net-(D15-Pad2)")
  (net 24 /ButtonMatrix/COL2)
  (net 25 "Net-(D16-Pad2)")
  (net 26 "Net-(D17-Pad2)")
  (net 27 "Net-(D18-Pad2)")
  (net 28 "Net-(D19-Pad2)")
  (net 29 "Net-(D20-Pad2)")
  (net 30 /ButtonMatrix/COL3)
  (net 31 "Net-(D21-Pad2)")
  (net 32 "Net-(D22-Pad2)")
  (net 33 "Net-(D23-Pad2)")
  (net 34 "Net-(D24-Pad2)")
  (net 35 /ButtonMatrix/COL4)
  (net 36 "Net-(D25-Pad2)")
  (net 37 "Net-(D26-Pad2)")
  (net 38 "Net-(D27-Pad2)")
  (net 39 "Net-(D28-Pad2)")
  (net 40 "Net-(D29-Pad2)")
  (net 41 "Net-(D30-Pad2)")
  (net 42 /ButtonMatrix/COL5)
  (net 43 "Net-(D31-Pad2)")
  (net 44 "Net-(D32-Pad2)")
  (net 45 "Net-(D33-Pad2)")
  (net 46 "Net-(D34-Pad2)")
  (net 47 /ButtonMatrix/COL6)
  (net 48 "Net-(D35-Pad2)")
  (net 49 "Net-(D36-Pad2)")
  (net 50 "Net-(D37-Pad2)")
  (net 51 "Net-(D38-Pad2)")
  (net 52 "Net-(D39-Pad2)")
  (net 53 "Net-(D40-Pad2)")
  (net 54 /ButtonMatrix/COL7)
  (net 55 "Net-(D41-Pad2)")
  (net 56 "Net-(D42-Pad2)")
  (net 57 "Net-(D43-Pad2)")
  (net 58 "Net-(D44-Pad2)")
  (net 59 /ButtonMatrix/COL8)
  (net 60 "Net-(D45-Pad2)")
  (net 61 "Net-(D46-Pad2)")
  (net 62 "Net-(D47-Pad2)")
  (net 63 "Net-(D48-Pad2)")
  (net 64 "Net-(D49-Pad2)")
  (net 65 /ButtonMatrix/COL9)
  (net 66 "Net-(D50-Pad2)")
  (net 67 "Net-(D51-Pad2)")
  (net 68 "Net-(D52-Pad2)")
  (net 69 "Net-(D53-Pad2)")
  (net 70 "Net-(D54-Pad2)")
  (net 71 "Net-(D55-Pad2)")
  (net 72 /ButtonMatrix/COL10)
  (net 73 "Net-(D56-Pad2)")
  (net 74 "Net-(D57-Pad2)")
  (net 75 "Net-(D58-Pad2)")
  (net 76 /ButtonMatrix/COL11)
  (net 77 "Net-(D59-Pad2)")
  (net 78 "Net-(D60-Pad2)")
  (net 79 "Net-(D61-Pad2)")
  (net 80 "Net-(D62-Pad2)")
  (net 81 "Net-(D63-Pad2)")
  (net 82 "Net-(D64-Pad2)")
  (net 83 "Net-(D65-Pad2)")
  (net 84 "Net-(D66-Pad2)")
  (net 85 "Net-(D67-Pad2)")
  (net 86 "Net-(D68-Pad2)")
  (net 87 "Net-(D69-Pad2)")
  (net 88 "Net-(D70-Pad2)")
  (net 89 "Net-(D71-Pad2)")
  (net 90 RESET)
  (net 91 "Net-(D73-Pad2)")
  (net 92 /ATmega32u4/VBUS)
  (net 93 /ATmega32u4/DR+)
  (net 94 /ATmega32u4/DR-)
  (net 95 "Net-(J1-Pad4)")
  (net 96 /ATmega32u4/MISO)
  (net 97 /ATmega32u4/MOSI)
  (net 98 "Net-(R21-Pad2)")
  (net 99 "Net-(R22-Pad1)")
  (net 100 "Net-(R23-Pad1)")
  (net 101 /ATmega32u4/D+)
  (net 102 /ATmega32u4/D-)
  (net 103 "Net-(R26-Pad2)")
  (net 104 /ButtonMatrix/ROW0)
  (net 105 /LEDMatrix/SW1)
  (net 106 /LEDMatrix/SW2)
  (net 107 /ButtonMatrix/ROW1)
  (net 108 /ButtonMatrix/ROW2)
  (net 109 /LEDMatrix/SW3)
  (net 110 /LEDMatrix/SW4)
  (net 111 /ButtonMatrix/ROW3)
  (net 112 /ButtonMatrix/ROW4)
  (net 113 /LEDMatrix/SW5)
  (net 114 /LEDMatrix/SW6)
  (net 115 /ButtonMatrix/ROW5)
  (net 116 /ButtonMatrix/ROW6)
  (net 117 /LEDMatrix/SW7)
  (net 118 /LEDMatrix/SW8)
  (net 119 /ButtonMatrix/ROW7)
  (net 120 /ButtonMatrix/ROW8)
  (net 121 /LEDMatrix/SW9)
  (net 122 /LEDMatrix/SW10)
  (net 123 /ButtonMatrix/ROW9)
  (net 124 /LEDMatrix/SW11)
  (net 125 /ButtonMatrix/ROW10)
  (net 126 "Net-(U1-Pad1)")
  (net 127 "Net-(U1-Pad12)")
  (net 128 "Net-(U1-Pad21)")
  (net 129 "Net-(U1-Pad25)")
  (net 130 "Net-(U1-Pad26)")
  (net 131 "Net-(U1-Pad27)")
  (net 132 "Net-(U1-Pad28)")
  (net 133 "Net-(U1-Pad29)")
  (net 134 "Net-(U1-Pad30)")
  (net 135 "Net-(U1-Pad31)")
  (net 136 "Net-(U1-Pad32)")
  (net 137 "Net-(U1-Pad36)")
  (net 138 "Net-(U1-Pad37)")
  (net 139 "Net-(U1-Pad38)")
  (net 140 "Net-(U1-Pad39)")
  (net 141 "Net-(U1-Pad40)")
  (net 142 "Net-(U1-Pad41)")
  (net 143 "Net-(U2-Pad28)")
  (net 144 "Net-(U2-Pad27)")
  (net 145 "Net-(U2-Pad26)")
  (net 146 "Net-(U2-Pad25)")
  (net 147 "Net-(U2-Pad20)")
  (net 148 "Net-(U2-Pad19)")
  (net 149 "Net-(U2-Pad14)")
  (net 150 "Net-(U2-Pad11)")
  (net 151 "Net-(U3-Pad11)")
  (net 152 "Net-(U3-Pad14)")
  (net 153 "Net-(U3-Pad19)")
  (net 154 "Net-(U3-Pad20)")
  (net 155 "Net-(U3-Pad25)")
  (net 156 "Net-(U3-Pad26)")
  (net 157 "Net-(U3-Pad27)")
  (net 158 "Net-(U3-Pad28)")
  (net 159 /LEDMatrix/CS12)
  (net 160 /LEDMatrix/CS11)
  (net 161 /LEDMatrix/CS10)
  (net 162 /LEDMatrix/CS9)
  (net 163 /LEDMatrix/CS8)
  (net 164 /LEDMatrix/CS7)
  (net 165 /LEDMatrix/CS6)
  (net 166 /LEDMatrix/CS5)
  (net 167 /LEDMatrix/CS4)
  (net 168 /LEDMatrix/CS3)
  (net 169 /LEDMatrix/CS2)
  (net 170 /LEDMatrix/CS1)
  (net 171 /ATmega32u4/SCK)
  (net 172 I2C_SCL)
  (net 173 SDB)
  (net 174 "Net-(R6-Pad1)")
  (net 175 "Net-(R7-Pad1)")
  (net 176 "Net-(U4-Pad1)")
  (net 177 "Net-(U4-Pad30)")
  (net 178 "Net-(U4-Pad31)")
  (net 179 "Net-(U4-Pad32)")
  (net 180 "Net-(U4-Pad33)")
  (net 181 "Net-(U4-Pad40)")
  (net 182 "Net-(U4-Pad45)")
  (net 183 "Net-(U4-Pad36)")
  (net 184 I2C_SDA)
  (net 185 /LEDMatrix/SW12)
  (net 186 /ButtonMatrix/ROW11)

  (net_class Default "This is the default net class."
    (clearance 0.2)
    (trace_width 0.25)
    (via_dia 0.8)
    (via_drill 0.4)
    (uvia_dia 0.3)
    (uvia_drill 0.1)
    (add_net +5V)
    (add_net /ATmega32u4/D+)
    (add_net /ATmega32u4/D-)
    (add_net /ATmega32u4/DR+)
    (add_net /ATmega32u4/DR-)
    (add_net /ATmega32u4/MISO)
    (add_net /ATmega32u4/MOSI)
    (add_net /ATmega32u4/SCK)
    (add_net /ATmega32u4/VBUS)
    (add_net /ATmega32u4/XTAL1)
    (add_net /ATmega32u4/XTAL2)
    (add_net /ButtonMatrix/COL0)
    (add_net /ButtonMatrix/COL1)
    (add_net /ButtonMatrix/COL10)
    (add_net /ButtonMatrix/COL11)
    (add_net /ButtonMatrix/COL2)
    (add_net /ButtonMatrix/COL3)
    (add_net /ButtonMatrix/COL4)
    (add_net /ButtonMatrix/COL5)
    (add_net /ButtonMatrix/COL6)
    (add_net /ButtonMatrix/COL7)
    (add_net /ButtonMatrix/COL8)
    (add_net /ButtonMatrix/COL9)
    (add_net /ButtonMatrix/ROW0)
    (add_net /ButtonMatrix/ROW1)
    (add_net /ButtonMatrix/ROW10)
    (add_net /ButtonMatrix/ROW11)
    (add_net /ButtonMatrix/ROW2)
    (add_net /ButtonMatrix/ROW3)
    (add_net /ButtonMatrix/ROW4)
    (add_net /ButtonMatrix/ROW5)
    (add_net /ButtonMatrix/ROW6)
    (add_net /ButtonMatrix/ROW7)
    (add_net /ButtonMatrix/ROW8)
    (add_net /ButtonMatrix/ROW9)
    (add_net /LEDMatrix/CS1)
    (add_net /LEDMatrix/CS10)
    (add_net /LEDMatrix/CS11)
    (add_net /LEDMatrix/CS12)
    (add_net /LEDMatrix/CS2)
    (add_net /LEDMatrix/CS3)
    (add_net /LEDMatrix/CS4)
    (add_net /LEDMatrix/CS5)
    (add_net /LEDMatrix/CS6)
    (add_net /LEDMatrix/CS7)
    (add_net /LEDMatrix/CS8)
    (add_net /LEDMatrix/CS9)
    (add_net /LEDMatrix/SW1)
    (add_net /LEDMatrix/SW10)
    (add_net /LEDMatrix/SW11)
    (add_net /LEDMatrix/SW12)
    (add_net /LEDMatrix/SW2)
    (add_net /LEDMatrix/SW3)
    (add_net /LEDMatrix/SW4)
    (add_net /LEDMatrix/SW5)
    (add_net /LEDMatrix/SW6)
    (add_net /LEDMatrix/SW7)
    (add_net /LEDMatrix/SW8)
    (add_net /LEDMatrix/SW9)
    (add_net GND)
    (add_net I2C_SCL)
    (add_net I2C_SDA)
    (add_net "Net-(C11-Pad1)")
    (add_net "Net-(C9-Pad1)")
    (add_net "Net-(D1-Pad2)")
    (add_net "Net-(D10-Pad2)")
    (add_net "Net-(D11-Pad2)")
    (add_net "Net-(D12-Pad2)")
    (add_net "Net-(D13-Pad2)")
    (add_net "Net-(D14-Pad2)")
    (add_net "Net-(D15-Pad2)")
    (add_net "Net-(D16-Pad2)")
    (add_net "Net-(D17-Pad2)")
    (add_net "Net-(D18-Pad2)")
    (add_net "Net-(D19-Pad2)")
    (add_net "Net-(D2-Pad2)")
    (add_net "Net-(D20-Pad2)")
    (add_net "Net-(D21-Pad2)")
    (add_net "Net-(D22-Pad2)")
    (add_net "Net-(D23-Pad2)")
    (add_net "Net-(D24-Pad2)")
    (add_net "Net-(D25-Pad2)")
    (add_net "Net-(D26-Pad2)")
    (add_net "Net-(D27-Pad2)")
    (add_net "Net-(D28-Pad2)")
    (add_net "Net-(D29-Pad2)")
    (add_net "Net-(D3-Pad2)")
    (add_net "Net-(D30-Pad2)")
    (add_net "Net-(D31-Pad2)")
    (add_net "Net-(D32-Pad2)")
    (add_net "Net-(D33-Pad2)")
    (add_net "Net-(D34-Pad2)")
    (add_net "Net-(D35-Pad2)")
    (add_net "Net-(D36-Pad2)")
    (add_net "Net-(D37-Pad2)")
    (add_net "Net-(D38-Pad2)")
    (add_net "Net-(D39-Pad2)")
    (add_net "Net-(D4-Pad2)")
    (add_net "Net-(D40-Pad2)")
    (add_net "Net-(D41-Pad2)")
    (add_net "Net-(D42-Pad2)")
    (add_net "Net-(D43-Pad2)")
    (add_net "Net-(D44-Pad2)")
    (add_net "Net-(D45-Pad2)")
    (add_net "Net-(D46-Pad2)")
    (add_net "Net-(D47-Pad2)")
    (add_net "Net-(D48-Pad2)")
    (add_net "Net-(D49-Pad2)")
    (add_net "Net-(D5-Pad2)")
    (add_net "Net-(D50-Pad2)")
    (add_net "Net-(D51-Pad2)")
    (add_net "Net-(D52-Pad2)")
    (add_net "Net-(D53-Pad2)")
    (add_net "Net-(D54-Pad2)")
    (add_net "Net-(D55-Pad2)")
    (add_net "Net-(D56-Pad2)")
    (add_net "Net-(D57-Pad2)")
    (add_net "Net-(D58-Pad2)")
    (add_net "Net-(D59-Pad2)")
    (add_net "Net-(D6-Pad2)")
    (add_net "Net-(D60-Pad2)")
    (add_net "Net-(D61-Pad2)")
    (add_net "Net-(D62-Pad2)")
    (add_net "Net-(D63-Pad2)")
    (add_net "Net-(D64-Pad2)")
    (add_net "Net-(D65-Pad2)")
    (add_net "Net-(D66-Pad2)")
    (add_net "Net-(D67-Pad2)")
    (add_net "Net-(D68-Pad2)")
    (add_net "Net-(D69-Pad2)")
    (add_net "Net-(D7-Pad2)")
    (add_net "Net-(D70-Pad2)")
    (add_net "Net-(D71-Pad2)")
    (add_net "Net-(D73-Pad2)")
    (add_net "Net-(D8-Pad2)")
    (add_net "Net-(D9-Pad2)")
    (add_net "Net-(J1-Pad4)")
    (add_net "Net-(R21-Pad2)")
    (add_net "Net-(R22-Pad1)")
    (add_net "Net-(R23-Pad1)")
    (add_net "Net-(R26-Pad2)")
    (add_net "Net-(R6-Pad1)")
    (add_net "Net-(R7-Pad1)")
    (add_net "Net-(U1-Pad1)")
    (add_net "Net-(U1-Pad12)")
    (add_net "Net-(U1-Pad21)")
    (add_net "Net-(U1-Pad25)")
    (add_net "Net-(U1-Pad26)")
    (add_net "Net-(U1-Pad27)")
    (add_net "Net-(U1-Pad28)")
    (add_net "Net-(U1-Pad29)")
    (add_net "Net-(U1-Pad30)")
    (add_net "Net-(U1-Pad31)")
    (add_net "Net-(U1-Pad32)")
    (add_net "Net-(U1-Pad36)")
    (add_net "Net-(U1-Pad37)")
    (add_net "Net-(U1-Pad38)")
    (add_net "Net-(U1-Pad39)")
    (add_net "Net-(U1-Pad40)")
    (add_net "Net-(U1-Pad41)")
    (add_net "Net-(U2-Pad11)")
    (add_net "Net-(U2-Pad14)")
    (add_net "Net-(U2-Pad19)")
    (add_net "Net-(U2-Pad20)")
    (add_net "Net-(U2-Pad25)")
    (add_net "Net-(U2-Pad26)")
    (add_net "Net-(U2-Pad27)")
    (add_net "Net-(U2-Pad28)")
    (add_net "Net-(U3-Pad11)")
    (add_net "Net-(U3-Pad14)")
    (add_net "Net-(U3-Pad19)")
    (add_net "Net-(U3-Pad20)")
    (add_net "Net-(U3-Pad25)")
    (add_net "Net-(U3-Pad26)")
    (add_net "Net-(U3-Pad27)")
    (add_net "Net-(U3-Pad28)")
    (add_net "Net-(U4-Pad1)")
    (add_net "Net-(U4-Pad30)")
    (add_net "Net-(U4-Pad31)")
    (add_net "Net-(U4-Pad32)")
    (add_net "Net-(U4-Pad33)")
    (add_net "Net-(U4-Pad36)")
    (add_net "Net-(U4-Pad40)")
    (add_net "Net-(U4-Pad45)")
    (add_net RESET)
    (add_net SDB)
  )

  (net_class +5V ""
    (clearance 0.2)
    (trace_width 0.381)
    (via_dia 0.8)
    (via_drill 0.4)
    (uvia_dia 0.3)
    (uvia_drill 0.1)
  )

  (module Package_SO:SOIC-28W_7.5x17.9mm_P1.27mm (layer B.Cu) (tedit 5D9F72B1) (tstamp 618D4705)
    (at 137 170 270)
    (descr "SOIC, 28 Pin (JEDEC MS-013AE, https://www.analog.com/media/en/package-pcb-resources/package/35833120341221rw_28.pdf), generated with kicad-footprint-generator ipc_gullwing_generator.py")
    (tags "SOIC SO")
    (path /626F440B)
    (attr smd)
    (fp_text reference U3 (at 0 9.9 90) (layer B.SilkS)
      (effects (font (size 1 1) (thickness 0.15)) (justify mirror))
    )
    (fp_text value MCP23017_SO (at 0 -9.9 90) (layer B.Fab)
      (effects (font (size 1 1) (thickness 0.15)) (justify mirror))
    )
    (fp_line (start 0 -9.06) (end 3.86 -9.06) (layer B.SilkS) (width 0.12))
    (fp_line (start 3.86 -9.06) (end 3.86 -8.815) (layer B.SilkS) (width 0.12))
    (fp_line (start 0 -9.06) (end -3.86 -9.06) (layer B.SilkS) (width 0.12))
    (fp_line (start -3.86 -9.06) (end -3.86 -8.815) (layer B.SilkS) (width 0.12))
    (fp_line (start 0 9.06) (end 3.86 9.06) (layer B.SilkS) (width 0.12))
    (fp_line (start 3.86 9.06) (end 3.86 8.815) (layer B.SilkS) (width 0.12))
    (fp_line (start 0 9.06) (end -3.86 9.06) (layer B.SilkS) (width 0.12))
    (fp_line (start -3.86 9.06) (end -3.86 8.815) (layer B.SilkS) (width 0.12))
    (fp_line (start -3.86 8.815) (end -5.675 8.815) (layer B.SilkS) (width 0.12))
    (fp_line (start -2.75 8.95) (end 3.75 8.95) (layer B.Fab) (width 0.1))
    (fp_line (start 3.75 8.95) (end 3.75 -8.95) (layer B.Fab) (width 0.1))
    (fp_line (start 3.75 -8.95) (end -3.75 -8.95) (layer B.Fab) (width 0.1))
    (fp_line (start -3.75 -8.95) (end -3.75 7.95) (layer B.Fab) (width 0.1))
    (fp_line (start -3.75 7.95) (end -2.75 8.95) (layer B.Fab) (width 0.1))
    (fp_line (start -5.93 9.2) (end -5.93 -9.2) (layer B.CrtYd) (width 0.05))
    (fp_line (start -5.93 -9.2) (end 5.93 -9.2) (layer B.CrtYd) (width 0.05))
    (fp_line (start 5.93 -9.2) (end 5.93 9.2) (layer B.CrtYd) (width 0.05))
    (fp_line (start 5.93 9.2) (end -5.93 9.2) (layer B.CrtYd) (width 0.05))
    (fp_text user %R (at 0 0 90) (layer B.Fab)
      (effects (font (size 1 1) (thickness 0.15)) (justify mirror))
    )
    (pad 1 smd roundrect (at -4.65 8.255 270) (size 2.05 0.6) (layers B.Cu B.Paste B.Mask) (roundrect_rratio 0.25)
      (net 7 /ButtonMatrix/COL0))
    (pad 2 smd roundrect (at -4.65 6.985 270) (size 2.05 0.6) (layers B.Cu B.Paste B.Mask) (roundrect_rratio 0.25)
      (net 19 /ButtonMatrix/COL1))
    (pad 3 smd roundrect (at -4.65 5.715 270) (size 2.05 0.6) (layers B.Cu B.Paste B.Mask) (roundrect_rratio 0.25)
      (net 24 /ButtonMatrix/COL2))
    (pad 4 smd roundrect (at -4.65 4.445 270) (size 2.05 0.6) (layers B.Cu B.Paste B.Mask) (roundrect_rratio 0.25)
      (net 30 /ButtonMatrix/COL3))
    (pad 5 smd roundrect (at -4.65 3.175 270) (size 2.05 0.6) (layers B.Cu B.Paste B.Mask) (roundrect_rratio 0.25)
      (net 35 /ButtonMatrix/COL4))
    (pad 6 smd roundrect (at -4.65 1.905 270) (size 2.05 0.6) (layers B.Cu B.Paste B.Mask) (roundrect_rratio 0.25)
      (net 42 /ButtonMatrix/COL5))
    (pad 7 smd roundrect (at -4.65 0.635 270) (size 2.05 0.6) (layers B.Cu B.Paste B.Mask) (roundrect_rratio 0.25)
      (net 47 /ButtonMatrix/COL6))
    (pad 8 smd roundrect (at -4.65 -0.635 270) (size 2.05 0.6) (layers B.Cu B.Paste B.Mask) (roundrect_rratio 0.25)
      (net 54 /ButtonMatrix/COL7))
    (pad 9 smd roundrect (at -4.65 -1.905 270) (size 2.05 0.6) (layers B.Cu B.Paste B.Mask) (roundrect_rratio 0.25)
      (net 2 +5V))
    (pad 10 smd roundrect (at -4.65 -3.175 270) (size 2.05 0.6) (layers B.Cu B.Paste B.Mask) (roundrect_rratio 0.25)
      (net 1 GND))
    (pad 11 smd roundrect (at -4.65 -4.445 270) (size 2.05 0.6) (layers B.Cu B.Paste B.Mask) (roundrect_rratio 0.25)
      (net 151 "Net-(U3-Pad11)"))
    (pad 12 smd roundrect (at -4.65 -5.715 270) (size 2.05 0.6) (layers B.Cu B.Paste B.Mask) (roundrect_rratio 0.25)
      (net 172 I2C_SCL))
    (pad 13 smd roundrect (at -4.65 -6.985 270) (size 2.05 0.6) (layers B.Cu B.Paste B.Mask) (roundrect_rratio 0.25)
      (net 184 I2C_SDA))
    (pad 14 smd roundrect (at -4.65 -8.255 270) (size 2.05 0.6) (layers B.Cu B.Paste B.Mask) (roundrect_rratio 0.25)
      (net 152 "Net-(U3-Pad14)"))
    (pad 15 smd roundrect (at 4.65 -8.255 270) (size 2.05 0.6) (layers B.Cu B.Paste B.Mask) (roundrect_rratio 0.25)
      (net 2 +5V))
    (pad 16 smd roundrect (at 4.65 -6.985 270) (size 2.05 0.6) (layers B.Cu B.Paste B.Mask) (roundrect_rratio 0.25)
      (net 1 GND))
    (pad 17 smd roundrect (at 4.65 -5.715 270) (size 2.05 0.6) (layers B.Cu B.Paste B.Mask) (roundrect_rratio 0.25)
      (net 1 GND))
    (pad 18 smd roundrect (at 4.65 -4.445 270) (size 2.05 0.6) (layers B.Cu B.Paste B.Mask) (roundrect_rratio 0.25)
      (net 2 +5V))
    (pad 19 smd roundrect (at 4.65 -3.175 270) (size 2.05 0.6) (layers B.Cu B.Paste B.Mask) (roundrect_rratio 0.25)
      (net 153 "Net-(U3-Pad19)"))
    (pad 20 smd roundrect (at 4.65 -1.905 270) (size 2.05 0.6) (layers B.Cu B.Paste B.Mask) (roundrect_rratio 0.25)
      (net 154 "Net-(U3-Pad20)"))
    (pad 21 smd roundrect (at 4.65 -0.635 270) (size 2.05 0.6) (layers B.Cu B.Paste B.Mask) (roundrect_rratio 0.25)
      (net 59 /ButtonMatrix/COL8))
    (pad 22 smd roundrect (at 4.65 0.635 270) (size 2.05 0.6) (layers B.Cu B.Paste B.Mask) (roundrect_rratio 0.25)
      (net 65 /ButtonMatrix/COL9))
    (pad 23 smd roundrect (at 4.65 1.905 270) (size 2.05 0.6) (layers B.Cu B.Paste B.Mask) (roundrect_rratio 0.25)
      (net 72 /ButtonMatrix/COL10))
    (pad 24 smd roundrect (at 4.65 3.175 270) (size 2.05 0.6) (layers B.Cu B.Paste B.Mask) (roundrect_rratio 0.25)
      (net 76 /ButtonMatrix/COL11))
    (pad 25 smd roundrect (at 4.65 4.445 270) (size 2.05 0.6) (layers B.Cu B.Paste B.Mask) (roundrect_rratio 0.25)
      (net 155 "Net-(U3-Pad25)"))
    (pad 26 smd roundrect (at 4.65 5.715 270) (size 2.05 0.6) (layers B.Cu B.Paste B.Mask) (roundrect_rratio 0.25)
      (net 156 "Net-(U3-Pad26)"))
    (pad 27 smd roundrect (at 4.65 6.985 270) (size 2.05 0.6) (layers B.Cu B.Paste B.Mask) (roundrect_rratio 0.25)
      (net 157 "Net-(U3-Pad27)"))
    (pad 28 smd roundrect (at 4.65 8.255 270) (size 2.05 0.6) (layers B.Cu B.Paste B.Mask) (roundrect_rratio 0.25)
      (net 158 "Net-(U3-Pad28)"))
    (model ${KISYS3DMOD}/Package_SO.3dshapes/SOIC-28W_7.5x17.9mm_P1.27mm.wrl
      (at (xyz 0 0 0))
      (scale (xyz 1 1 1))
      (rotate (xyz 0 0 0))
    )
  )

  (module Capacitor_SMD:C_0402_1005Metric (layer B.Cu) (tedit 5F68FEEE) (tstamp 618BCB03)
    (at 148.209 168.275 90)
    (descr "Capacitor SMD 0402 (1005 Metric), square (rectangular) end terminal, IPC_7351 nominal, (Body size source: IPC-SM-782 page 76, https://www.pcb-3d.com/wordpress/wp-content/uploads/ipc-sm-782a_amendment_1_and_2.pdf), generated with kicad-footprint-generator")
    (tags capacitor)
    (path /618B395E)
    (attr smd)
    (fp_text reference C3 (at 0 1.16 270) (layer B.Fab)
      (effects (font (size 1 1) (thickness 0.15)) (justify mirror))
    )
    (fp_text value 1uF (at 0 -1.16 270) (layer B.Fab)
      (effects (font (size 1 1) (thickness 0.15)) (justify mirror))
    )
    (fp_line (start -0.5 -0.25) (end -0.5 0.25) (layer B.Fab) (width 0.1))
    (fp_line (start -0.5 0.25) (end 0.5 0.25) (layer B.Fab) (width 0.1))
    (fp_line (start 0.5 0.25) (end 0.5 -0.25) (layer B.Fab) (width 0.1))
    (fp_line (start 0.5 -0.25) (end -0.5 -0.25) (layer B.Fab) (width 0.1))
    (fp_line (start -0.107836 0.36) (end 0.107836 0.36) (layer B.SilkS) (width 0.12))
    (fp_line (start -0.107836 -0.36) (end 0.107836 -0.36) (layer B.SilkS) (width 0.12))
    (fp_line (start -0.91 -0.46) (end -0.91 0.46) (layer B.CrtYd) (width 0.05))
    (fp_line (start -0.91 0.46) (end 0.91 0.46) (layer B.CrtYd) (width 0.05))
    (fp_line (start 0.91 0.46) (end 0.91 -0.46) (layer B.CrtYd) (width 0.05))
    (fp_line (start 0.91 -0.46) (end -0.91 -0.46) (layer B.CrtYd) (width 0.05))
    (fp_text user %R (at 0 0 270) (layer B.Fab)
      (effects (font (size 0.25 0.25) (thickness 0.04)) (justify mirror))
    )
    (pad 1 smd roundrect (at -0.48 0 90) (size 0.56 0.62) (layers B.Cu B.Paste B.Mask) (roundrect_rratio 0.25)
      (net 2 +5V))
    (pad 2 smd roundrect (at 0.48 0 90) (size 0.56 0.62) (layers B.Cu B.Paste B.Mask) (roundrect_rratio 0.25)
      (net 1 GND))
    (model ${KISYS3DMOD}/Capacitor_SMD.3dshapes/C_0402_1005Metric.wrl
      (at (xyz 0 0 0))
      (scale (xyz 1 1 1))
      (rotate (xyz 0 0 0))
    )
  )

  (module Capacitor_SMD:C_0402_1005Metric (layer B.Cu) (tedit 5F68FEEE) (tstamp 618E3CBE)
    (at 146.939 168.275 90)
    (descr "Capacitor SMD 0402 (1005 Metric), square (rectangular) end terminal, IPC_7351 nominal, (Body size source: IPC-SM-782 page 76, https://www.pcb-3d.com/wordpress/wp-content/uploads/ipc-sm-782a_amendment_1_and_2.pdf), generated with kicad-footprint-generator")
    (tags capacitor)
    (path /618B3958)
    (attr smd)
    (fp_text reference C4 (at 0 1.16 270) (layer B.Fab)
      (effects (font (size 1 1) (thickness 0.15)) (justify mirror))
    )
    (fp_text value 100nf (at 0 -1.16 270) (layer B.Fab)
      (effects (font (size 1 1) (thickness 0.15)) (justify mirror))
    )
    (fp_line (start -0.5 -0.25) (end -0.5 0.25) (layer B.Fab) (width 0.1))
    (fp_line (start -0.5 0.25) (end 0.5 0.25) (layer B.Fab) (width 0.1))
    (fp_line (start 0.5 0.25) (end 0.5 -0.25) (layer B.Fab) (width 0.1))
    (fp_line (start 0.5 -0.25) (end -0.5 -0.25) (layer B.Fab) (width 0.1))
    (fp_line (start -0.107836 0.36) (end 0.107836 0.36) (layer B.SilkS) (width 0.12))
    (fp_line (start -0.107836 -0.36) (end 0.107836 -0.36) (layer B.SilkS) (width 0.12))
    (fp_line (start -0.91 -0.46) (end -0.91 0.46) (layer B.CrtYd) (width 0.05))
    (fp_line (start -0.91 0.46) (end 0.91 0.46) (layer B.CrtYd) (width 0.05))
    (fp_line (start 0.91 0.46) (end 0.91 -0.46) (layer B.CrtYd) (width 0.05))
    (fp_line (start 0.91 -0.46) (end -0.91 -0.46) (layer B.CrtYd) (width 0.05))
    (fp_text user %R (at 0 0 270) (layer B.Fab)
      (effects (font (size 0.25 0.25) (thickness 0.04)) (justify mirror))
    )
    (pad 1 smd roundrect (at -0.48 0 90) (size 0.56 0.62) (layers B.Cu B.Paste B.Mask) (roundrect_rratio 0.25)
      (net 2 +5V))
    (pad 2 smd roundrect (at 0.48 0 90) (size 0.56 0.62) (layers B.Cu B.Paste B.Mask) (roundrect_rratio 0.25)
      (net 1 GND))
    (model ${KISYS3DMOD}/Capacitor_SMD.3dshapes/C_0402_1005Metric.wrl
      (at (xyz 0 0 0))
      (scale (xyz 1 1 1))
      (rotate (xyz 0 0 0))
    )
  )

  (module Capacitor_SMD:C_0402_1005Metric (layer B.Cu) (tedit 5F68FEEE) (tstamp 618C88A0)
    (at 103.787 45.013)
    (descr "Capacitor SMD 0402 (1005 Metric), square (rectangular) end terminal, IPC_7351 nominal, (Body size source: IPC-SM-782 page 76, https://www.pcb-3d.com/wordpress/wp-content/uploads/ipc-sm-782a_amendment_1_and_2.pdf), generated with kicad-footprint-generator")
    (tags capacitor)
    (path /61F7F1B9/61F97DF7)
    (attr smd)
    (fp_text reference C9 (at 0 1.16) (layer B.Fab)
      (effects (font (size 1 1) (thickness 0.15)) (justify mirror))
    )
    (fp_text value 1uF (at 0 -1.16) (layer B.Fab)
      (effects (font (size 1 1) (thickness 0.15)) (justify mirror))
    )
    (fp_line (start -0.5 -0.25) (end -0.5 0.25) (layer B.Fab) (width 0.1))
    (fp_line (start -0.5 0.25) (end 0.5 0.25) (layer B.Fab) (width 0.1))
    (fp_line (start 0.5 0.25) (end 0.5 -0.25) (layer B.Fab) (width 0.1))
    (fp_line (start 0.5 -0.25) (end -0.5 -0.25) (layer B.Fab) (width 0.1))
    (fp_line (start -0.107836 0.36) (end 0.107836 0.36) (layer B.SilkS) (width 0.12))
    (fp_line (start -0.107836 -0.36) (end 0.107836 -0.36) (layer B.SilkS) (width 0.12))
    (fp_line (start -0.91 -0.46) (end -0.91 0.46) (layer B.CrtYd) (width 0.05))
    (fp_line (start -0.91 0.46) (end 0.91 0.46) (layer B.CrtYd) (width 0.05))
    (fp_line (start 0.91 0.46) (end 0.91 -0.46) (layer B.CrtYd) (width 0.05))
    (fp_line (start 0.91 -0.46) (end -0.91 -0.46) (layer B.CrtYd) (width 0.05))
    (fp_text user %R (at 0 0) (layer B.Fab)
      (effects (font (size 0.25 0.25) (thickness 0.04)) (justify mirror))
    )
    (pad 1 smd roundrect (at -0.48 0) (size 0.56 0.62) (layers B.Cu B.Paste B.Mask) (roundrect_rratio 0.25)
      (net 3 "Net-(C9-Pad1)"))
    (pad 2 smd roundrect (at 0.48 0) (size 0.56 0.62) (layers B.Cu B.Paste B.Mask) (roundrect_rratio 0.25)
      (net 1 GND))
    (model ${KISYS3DMOD}/Capacitor_SMD.3dshapes/C_0402_1005Metric.wrl
      (at (xyz 0 0 0))
      (scale (xyz 1 1 1))
      (rotate (xyz 0 0 0))
    )
  )

  (module Capacitor_SMD:C_0402_1005Metric (layer B.Cu) (tedit 5F68FEEE) (tstamp 618C88D0)
    (at 96.901 40.949 270)
    (descr "Capacitor SMD 0402 (1005 Metric), square (rectangular) end terminal, IPC_7351 nominal, (Body size source: IPC-SM-782 page 76, https://www.pcb-3d.com/wordpress/wp-content/uploads/ipc-sm-782a_amendment_1_and_2.pdf), generated with kicad-footprint-generator")
    (tags capacitor)
    (path /61F7F1B9/61F97DD7)
    (attr smd)
    (fp_text reference C10 (at 0 1.16 90) (layer B.Fab)
      (effects (font (size 1 1) (thickness 0.15)) (justify mirror))
    )
    (fp_text value 10uF (at 0 -1.16 90) (layer B.Fab)
      (effects (font (size 1 1) (thickness 0.15)) (justify mirror))
    )
    (fp_line (start -0.5 -0.25) (end -0.5 0.25) (layer B.Fab) (width 0.1))
    (fp_line (start -0.5 0.25) (end 0.5 0.25) (layer B.Fab) (width 0.1))
    (fp_line (start 0.5 0.25) (end 0.5 -0.25) (layer B.Fab) (width 0.1))
    (fp_line (start 0.5 -0.25) (end -0.5 -0.25) (layer B.Fab) (width 0.1))
    (fp_line (start -0.107836 0.36) (end 0.107836 0.36) (layer B.SilkS) (width 0.12))
    (fp_line (start -0.107836 -0.36) (end 0.107836 -0.36) (layer B.SilkS) (width 0.12))
    (fp_line (start -0.91 -0.46) (end -0.91 0.46) (layer B.CrtYd) (width 0.05))
    (fp_line (start -0.91 0.46) (end 0.91 0.46) (layer B.CrtYd) (width 0.05))
    (fp_line (start 0.91 0.46) (end 0.91 -0.46) (layer B.CrtYd) (width 0.05))
    (fp_line (start 0.91 -0.46) (end -0.91 -0.46) (layer B.CrtYd) (width 0.05))
    (fp_text user %R (at 0 0 90) (layer B.Fab)
      (effects (font (size 0.25 0.25) (thickness 0.04)) (justify mirror))
    )
    (pad 1 smd roundrect (at -0.48 0 270) (size 0.56 0.62) (layers B.Cu B.Paste B.Mask) (roundrect_rratio 0.25)
      (net 2 +5V))
    (pad 2 smd roundrect (at 0.48 0 270) (size 0.56 0.62) (layers B.Cu B.Paste B.Mask) (roundrect_rratio 0.25)
      (net 1 GND))
    (model ${KISYS3DMOD}/Capacitor_SMD.3dshapes/C_0402_1005Metric.wrl
      (at (xyz 0 0 0))
      (scale (xyz 1 1 1))
      (rotate (xyz 0 0 0))
    )
  )

  (module Capacitor_SMD:C_0402_1005Metric (layer B.Cu) (tedit 5F68FEEE) (tstamp 618C8690)
    (at 96.901 36.377 90)
    (descr "Capacitor SMD 0402 (1005 Metric), square (rectangular) end terminal, IPC_7351 nominal, (Body size source: IPC-SM-782 page 76, https://www.pcb-3d.com/wordpress/wp-content/uploads/ipc-sm-782a_amendment_1_and_2.pdf), generated with kicad-footprint-generator")
    (tags capacitor)
    (path /61F7F1B9/61F97E08)
    (attr smd)
    (fp_text reference C11 (at 0 1.16 90) (layer B.Fab)
      (effects (font (size 1 1) (thickness 0.15)) (justify mirror))
    )
    (fp_text value 1uF (at 0 -1.16 90) (layer B.Fab)
      (effects (font (size 1 1) (thickness 0.15)) (justify mirror))
    )
    (fp_line (start 0.91 -0.46) (end -0.91 -0.46) (layer B.CrtYd) (width 0.05))
    (fp_line (start 0.91 0.46) (end 0.91 -0.46) (layer B.CrtYd) (width 0.05))
    (fp_line (start -0.91 0.46) (end 0.91 0.46) (layer B.CrtYd) (width 0.05))
    (fp_line (start -0.91 -0.46) (end -0.91 0.46) (layer B.CrtYd) (width 0.05))
    (fp_line (start -0.107836 -0.36) (end 0.107836 -0.36) (layer B.SilkS) (width 0.12))
    (fp_line (start -0.107836 0.36) (end 0.107836 0.36) (layer B.SilkS) (width 0.12))
    (fp_line (start 0.5 -0.25) (end -0.5 -0.25) (layer B.Fab) (width 0.1))
    (fp_line (start 0.5 0.25) (end 0.5 -0.25) (layer B.Fab) (width 0.1))
    (fp_line (start -0.5 0.25) (end 0.5 0.25) (layer B.Fab) (width 0.1))
    (fp_line (start -0.5 -0.25) (end -0.5 0.25) (layer B.Fab) (width 0.1))
    (fp_text user %R (at 0 0 90) (layer B.Fab)
      (effects (font (size 0.25 0.25) (thickness 0.04)) (justify mirror))
    )
    (pad 2 smd roundrect (at 0.48 0 90) (size 0.56 0.62) (layers B.Cu B.Paste B.Mask) (roundrect_rratio 0.25)
      (net 1 GND))
    (pad 1 smd roundrect (at -0.48 0 90) (size 0.56 0.62) (layers B.Cu B.Paste B.Mask) (roundrect_rratio 0.25)
      (net 4 "Net-(C11-Pad1)"))
    (model ${KISYS3DMOD}/Capacitor_SMD.3dshapes/C_0402_1005Metric.wrl
      (at (xyz 0 0 0))
      (scale (xyz 1 1 1))
      (rotate (xyz 0 0 0))
    )
  )

  (module Capacitor_SMD:C_0402_1005Metric (layer B.Cu) (tedit 5F68FEEE) (tstamp 618C87E0)
    (at 100.993 45.013)
    (descr "Capacitor SMD 0402 (1005 Metric), square (rectangular) end terminal, IPC_7351 nominal, (Body size source: IPC-SM-782 page 76, https://www.pcb-3d.com/wordpress/wp-content/uploads/ipc-sm-782a_amendment_1_and_2.pdf), generated with kicad-footprint-generator")
    (tags capacitor)
    (path /61F7F1B9/61F97E5B)
    (attr smd)
    (fp_text reference C12 (at 0 1.16) (layer B.Fab)
      (effects (font (size 1 1) (thickness 0.15)) (justify mirror))
    )
    (fp_text value 100nf (at 0 -1.16) (layer B.Fab)
      (effects (font (size 1 1) (thickness 0.15)) (justify mirror))
    )
    (fp_line (start 0.91 -0.46) (end -0.91 -0.46) (layer B.CrtYd) (width 0.05))
    (fp_line (start 0.91 0.46) (end 0.91 -0.46) (layer B.CrtYd) (width 0.05))
    (fp_line (start -0.91 0.46) (end 0.91 0.46) (layer B.CrtYd) (width 0.05))
    (fp_line (start -0.91 -0.46) (end -0.91 0.46) (layer B.CrtYd) (width 0.05))
    (fp_line (start -0.107836 -0.36) (end 0.107836 -0.36) (layer B.SilkS) (width 0.12))
    (fp_line (start -0.107836 0.36) (end 0.107836 0.36) (layer B.SilkS) (width 0.12))
    (fp_line (start 0.5 -0.25) (end -0.5 -0.25) (layer B.Fab) (width 0.1))
    (fp_line (start 0.5 0.25) (end 0.5 -0.25) (layer B.Fab) (width 0.1))
    (fp_line (start -0.5 0.25) (end 0.5 0.25) (layer B.Fab) (width 0.1))
    (fp_line (start -0.5 -0.25) (end -0.5 0.25) (layer B.Fab) (width 0.1))
    (fp_text user %R (at 0 0) (layer B.Fab)
      (effects (font (size 0.25 0.25) (thickness 0.04)) (justify mirror))
    )
    (pad 2 smd roundrect (at 0.48 0) (size 0.56 0.62) (layers B.Cu B.Paste B.Mask) (roundrect_rratio 0.25)
      (net 1 GND))
    (pad 1 smd roundrect (at -0.48 0) (size 0.56 0.62) (layers B.Cu B.Paste B.Mask) (roundrect_rratio 0.25)
      (net 2 +5V))
    (model ${KISYS3DMOD}/Capacitor_SMD.3dshapes/C_0402_1005Metric.wrl
      (at (xyz 0 0 0))
      (scale (xyz 1 1 1))
      (rotate (xyz 0 0 0))
    )
  )

  (module Capacitor_SMD:C_0402_1005Metric (layer B.Cu) (tedit 5F68FEEE) (tstamp 618C8780)
    (at 112.649 34.599 270)
    (descr "Capacitor SMD 0402 (1005 Metric), square (rectangular) end terminal, IPC_7351 nominal, (Body size source: IPC-SM-782 page 76, https://www.pcb-3d.com/wordpress/wp-content/uploads/ipc-sm-782a_amendment_1_and_2.pdf), generated with kicad-footprint-generator")
    (tags capacitor)
    (path /61F7F1B9/61F97E61)
    (attr smd)
    (fp_text reference C13 (at 0 1.16 90) (layer B.Fab)
      (effects (font (size 1 1) (thickness 0.15)) (justify mirror))
    )
    (fp_text value 100nf (at 0 -1.16 90) (layer B.Fab)
      (effects (font (size 1 1) (thickness 0.15)) (justify mirror))
    )
    (fp_line (start -0.5 -0.25) (end -0.5 0.25) (layer B.Fab) (width 0.1))
    (fp_line (start -0.5 0.25) (end 0.5 0.25) (layer B.Fab) (width 0.1))
    (fp_line (start 0.5 0.25) (end 0.5 -0.25) (layer B.Fab) (width 0.1))
    (fp_line (start 0.5 -0.25) (end -0.5 -0.25) (layer B.Fab) (width 0.1))
    (fp_line (start -0.107836 0.36) (end 0.107836 0.36) (layer B.SilkS) (width 0.12))
    (fp_line (start -0.107836 -0.36) (end 0.107836 -0.36) (layer B.SilkS) (width 0.12))
    (fp_line (start -0.91 -0.46) (end -0.91 0.46) (layer B.CrtYd) (width 0.05))
    (fp_line (start -0.91 0.46) (end 0.91 0.46) (layer B.CrtYd) (width 0.05))
    (fp_line (start 0.91 0.46) (end 0.91 -0.46) (layer B.CrtYd) (width 0.05))
    (fp_line (start 0.91 -0.46) (end -0.91 -0.46) (layer B.CrtYd) (width 0.05))
    (fp_text user %R (at 0 0 90) (layer B.Fab)
      (effects (font (size 0.25 0.25) (thickness 0.04)) (justify mirror))
    )
    (pad 1 smd roundrect (at -0.48 0 270) (size 0.56 0.62) (layers B.Cu B.Paste B.Mask) (roundrect_rratio 0.25)
      (net 2 +5V))
    (pad 2 smd roundrect (at 0.48 0 270) (size 0.56 0.62) (layers B.Cu B.Paste B.Mask) (roundrect_rratio 0.25)
      (net 1 GND))
    (model ${KISYS3DMOD}/Capacitor_SMD.3dshapes/C_0402_1005Metric.wrl
      (at (xyz 0 0 0))
      (scale (xyz 1 1 1))
      (rotate (xyz 0 0 0))
    )
  )

  (module Capacitor_SMD:C_0402_1005Metric (layer B.Cu) (tedit 5F68FEEE) (tstamp 618C8720)
    (at 108.331 45.013 180)
    (descr "Capacitor SMD 0402 (1005 Metric), square (rectangular) end terminal, IPC_7351 nominal, (Body size source: IPC-SM-782 page 76, https://www.pcb-3d.com/wordpress/wp-content/uploads/ipc-sm-782a_amendment_1_and_2.pdf), generated with kicad-footprint-generator")
    (tags capacitor)
    (path /61F7F1B9/61F97E67)
    (attr smd)
    (fp_text reference C14 (at 0 1.16) (layer B.Fab)
      (effects (font (size 1 1) (thickness 0.15)) (justify mirror))
    )
    (fp_text value 100nf (at 0 -1.16) (layer B.Fab)
      (effects (font (size 1 1) (thickness 0.15)) (justify mirror))
    )
    (fp_line (start 0.91 -0.46) (end -0.91 -0.46) (layer B.CrtYd) (width 0.05))
    (fp_line (start 0.91 0.46) (end 0.91 -0.46) (layer B.CrtYd) (width 0.05))
    (fp_line (start -0.91 0.46) (end 0.91 0.46) (layer B.CrtYd) (width 0.05))
    (fp_line (start -0.91 -0.46) (end -0.91 0.46) (layer B.CrtYd) (width 0.05))
    (fp_line (start -0.107836 -0.36) (end 0.107836 -0.36) (layer B.SilkS) (width 0.12))
    (fp_line (start -0.107836 0.36) (end 0.107836 0.36) (layer B.SilkS) (width 0.12))
    (fp_line (start 0.5 -0.25) (end -0.5 -0.25) (layer B.Fab) (width 0.1))
    (fp_line (start 0.5 0.25) (end 0.5 -0.25) (layer B.Fab) (width 0.1))
    (fp_line (start -0.5 0.25) (end 0.5 0.25) (layer B.Fab) (width 0.1))
    (fp_line (start -0.5 -0.25) (end -0.5 0.25) (layer B.Fab) (width 0.1))
    (fp_text user %R (at 0 0 90) (layer B.Fab)
      (effects (font (size 0.25 0.25) (thickness 0.04)) (justify mirror))
    )
    (pad 2 smd roundrect (at 0.48 0 180) (size 0.56 0.62) (layers B.Cu B.Paste B.Mask) (roundrect_rratio 0.25)
      (net 1 GND))
    (pad 1 smd roundrect (at -0.48 0 180) (size 0.56 0.62) (layers B.Cu B.Paste B.Mask) (roundrect_rratio 0.25)
      (net 2 +5V))
    (model ${KISYS3DMOD}/Capacitor_SMD.3dshapes/C_0402_1005Metric.wrl
      (at (xyz 0 0 0))
      (scale (xyz 1 1 1))
      (rotate (xyz 0 0 0))
    )
  )

  (module Capacitor_SMD:C_0402_1005Metric (layer B.Cu) (tedit 5F68FEEE) (tstamp 618C8660)
    (at 102.489 29.519)
    (descr "Capacitor SMD 0402 (1005 Metric), square (rectangular) end terminal, IPC_7351 nominal, (Body size source: IPC-SM-782 page 76, https://www.pcb-3d.com/wordpress/wp-content/uploads/ipc-sm-782a_amendment_1_and_2.pdf), generated with kicad-footprint-generator")
    (tags capacitor)
    (path /61F7F1B9/61F97E6D)
    (attr smd)
    (fp_text reference C15 (at 0 1.16) (layer B.Fab)
      (effects (font (size 1 1) (thickness 0.15)) (justify mirror))
    )
    (fp_text value 100nf (at 0 -1.16) (layer B.Fab)
      (effects (font (size 1 1) (thickness 0.15)) (justify mirror))
    )
    (fp_line (start -0.5 -0.25) (end -0.5 0.25) (layer B.Fab) (width 0.1))
    (fp_line (start -0.5 0.25) (end 0.5 0.25) (layer B.Fab) (width 0.1))
    (fp_line (start 0.5 0.25) (end 0.5 -0.25) (layer B.Fab) (width 0.1))
    (fp_line (start 0.5 -0.25) (end -0.5 -0.25) (layer B.Fab) (width 0.1))
    (fp_line (start -0.107836 0.36) (end 0.107836 0.36) (layer B.SilkS) (width 0.12))
    (fp_line (start -0.107836 -0.36) (end 0.107836 -0.36) (layer B.SilkS) (width 0.12))
    (fp_line (start -0.91 -0.46) (end -0.91 0.46) (layer B.CrtYd) (width 0.05))
    (fp_line (start -0.91 0.46) (end 0.91 0.46) (layer B.CrtYd) (width 0.05))
    (fp_line (start 0.91 0.46) (end 0.91 -0.46) (layer B.CrtYd) (width 0.05))
    (fp_line (start 0.91 -0.46) (end -0.91 -0.46) (layer B.CrtYd) (width 0.05))
    (fp_text user %R (at 0 0) (layer B.Fab)
      (effects (font (size 0.25 0.25) (thickness 0.04)) (justify mirror))
    )
    (pad 1 smd roundrect (at -0.48 0) (size 0.56 0.62) (layers B.Cu B.Paste B.Mask) (roundrect_rratio 0.25)
      (net 2 +5V))
    (pad 2 smd roundrect (at 0.48 0) (size 0.56 0.62) (layers B.Cu B.Paste B.Mask) (roundrect_rratio 0.25)
      (net 1 GND))
    (model ${KISYS3DMOD}/Capacitor_SMD.3dshapes/C_0402_1005Metric.wrl
      (at (xyz 0 0 0))
      (scale (xyz 1 1 1))
      (rotate (xyz 0 0 0))
    )
  )

  (module Capacitor_SMD:C_0402_1005Metric (layer B.Cu) (tedit 5F68FEEE) (tstamp 618C8810)
    (at 108.585 25.983 90)
    (descr "Capacitor SMD 0402 (1005 Metric), square (rectangular) end terminal, IPC_7351 nominal, (Body size source: IPC-SM-782 page 76, https://www.pcb-3d.com/wordpress/wp-content/uploads/ipc-sm-782a_amendment_1_and_2.pdf), generated with kicad-footprint-generator")
    (tags capacitor)
    (path /61F7F1B9/61F97F02)
    (attr smd)
    (fp_text reference C16 (at 0 1.16 90) (layer B.Fab)
      (effects (font (size 1 1) (thickness 0.15)) (justify mirror))
    )
    (fp_text value 20pF (at 0 -1.16 90) (layer B.Fab)
      (effects (font (size 1 1) (thickness 0.15)) (justify mirror))
    )
    (fp_line (start -0.5 -0.25) (end -0.5 0.25) (layer B.Fab) (width 0.1))
    (fp_line (start -0.5 0.25) (end 0.5 0.25) (layer B.Fab) (width 0.1))
    (fp_line (start 0.5 0.25) (end 0.5 -0.25) (layer B.Fab) (width 0.1))
    (fp_line (start 0.5 -0.25) (end -0.5 -0.25) (layer B.Fab) (width 0.1))
    (fp_line (start -0.107836 0.36) (end 0.107836 0.36) (layer B.SilkS) (width 0.12))
    (fp_line (start -0.107836 -0.36) (end 0.107836 -0.36) (layer B.SilkS) (width 0.12))
    (fp_line (start -0.91 -0.46) (end -0.91 0.46) (layer B.CrtYd) (width 0.05))
    (fp_line (start -0.91 0.46) (end 0.91 0.46) (layer B.CrtYd) (width 0.05))
    (fp_line (start 0.91 0.46) (end 0.91 -0.46) (layer B.CrtYd) (width 0.05))
    (fp_line (start 0.91 -0.46) (end -0.91 -0.46) (layer B.CrtYd) (width 0.05))
    (fp_text user %R (at 0 0 90) (layer B.Fab)
      (effects (font (size 0.25 0.25) (thickness 0.04)) (justify mirror))
    )
    (pad 1 smd roundrect (at -0.48 0 90) (size 0.56 0.62) (layers B.Cu B.Paste B.Mask) (roundrect_rratio 0.25)
      (net 5 /ATmega32u4/XTAL1))
    (pad 2 smd roundrect (at 0.48 0 90) (size 0.56 0.62) (layers B.Cu B.Paste B.Mask) (roundrect_rratio 0.25)
      (net 1 GND))
